Stan przed symulacją:
1.000000  1.000000  1.000000  1.000000  1.000000  1.000000  
1.000000  2.000000  1.000000  1.000000  2.000000  1.000000  
1.000000  1.000000  1.000000  1.000000  1.000000  1.000000  
1.000000  1.000000  1.000000  1.000000  1.000000  1.000000  
1.000000  2.000000  1.000000  1.000000  2.000000  1.000000  
1.000000  1.000000  1.000000  1.000000  1.000000  1.000000  

Krok nr. 1
1.000000  1.500000  1.000000  1.000000  1.500000  1.000000  
1.500000  2.000000  1.500000  1.500000  2.000000  1.500000  
1.000000  1.500000  1.000000  1.000000  1.500000  1.000000  
1.000000  1.500000  1.000000  1.000000  1.500000  1.000000  
1.500000  2.000000  1.500000  1.500000  2.000000  1.500000  
1.000000  1.500000  1.000000  1.000000  1.500000  1.000000  
Krok nr. 2
1.500000  1.000000  1.500000  1.500000  1.000000  1.500000  
1.000000  2.000000  1.250000  1.250000  2.000000  1.000000  
1.500000  1.250000  1.500000  1.500000  1.250000  1.500000  
1.500000  1.250000  1.500000  1.500000  1.250000  1.500000  
1.000000  2.000000  1.250000  1.250000  2.000000  1.000000  
1.500000  1.000000  1.500000  1.500000  1.000000  1.500000  
Krok nr. 3
0.500000  2.000000  0.875000  0.875000  2.000000  0.500000  
2.000000  2.000000  1.875000  1.875000  2.000000  2.000000  
0.875000  1.875000  1.250000  1.250000  1.875000  0.875000  
0.875000  1.875000  1.250000  1.250000  1.875000  0.875000  
2.000000  2.000000  1.875000  1.875000  2.000000  2.000000  
0.500000  2.000000  0.875000  0.875000  2.000000  0.500000  
Krok nr. 4
2.500000  0.187500  2.000000  2.000000  0.187500  2.500000  
0.187500  2.000000  1.125000  1.125000  2.000000  0.187500  
2.000000  1.125000  1.875000  1.875000  1.125000  2.000000  
2.000000  1.125000  1.875000  1.875000  1.125000  2.000000  
0.187500  2.000000  1.125000  1.125000  2.000000  0.187500  
2.500000  0.187500  2.000000  2.000000  0.187500  2.500000  
